subject	age	male	educationYears	transferP1	transferP2	ingroupPairing	perepkaP2	ngenikaP2
1002	27	0	6	0	4	1	1	0
1002	27	0	6	1	2	1	1	0
1002	27	0	6	2	3	1	1	0
1002	27	0	6	3	2	1	1	0
1002	27	0	6	4	2	1	1	0
1002	27	0	6	5	5	1	1	0
1003	30	0	0	0	2	1	1	0
1003	30	0	0	1	4	1	1	0
1003	30	0	0	2	5	1	1	0
1003	30	0	0	3	5	1	1	0
1003	30	0	0	4	5	1	1	0
1003	30	0	0	5	5	1	1	0
1004	19	1	4	0	2	0	0	1
1004	19	1	4	1	3	0	0	1
1004	19	1	4	2	4	0	0	1
1004	19	1	4	3	5	0	0	1
1004	19	1	4	4	5	0	0	1
1004	19	1	4	5	5	0	0	1
1005	18	1	9	0	0	0	0	1
1005	18	1	9	1	1	0	0	1
1005	18	1	9	2	1	0	0	1
1005	18	1	9	3	2	0	0	1
1005	18	1	9	4	4	0	0	1
1005	18	1	9	5	5	0	0	1
1006	18	0	7	0	0	0	0	1
1006	18	0	7	1	1	0	0	1
1006	18	0	7	2	2	0	0	1
1006	18	0	7	3	3	0	0	1
1006	18	0	7	4	4	0	0	1
1006	18	0	7	5	5	0	0	1
1007	30	0	0	0	2	0	1	0
1007	30	0	0	1	1	0	1	0
1007	30	0	0	2	0	0	1	0
1007	30	0	0	3	0	0	1	0
1007	30	0	0	4	0	0	1	0
1007	30	0	0	5	0	0	1	0
1008	30	1	6	0	0	0	1	0
1008	30	1	6	1	2	0	1	0
1008	30	1	6	2	4	0	1	0
1008	30	1	6	3	5	0	1	0
1008	30	1	6	4	5	0	1	0
1008	30	1	6	5	5	0	1	0
1009	30	1	10	0	5	0	1	0
1009	30	1	10	1	2	0	1	0
1009	30	1	10	2	3	0	1	0
1009	30	1	10	3	3	0	1	0
1009	30	1	10	4	4	0	1	0
1009	30	1	10	5	5	0	1	0
1010	26	1	6	0	2	1	0	1
1010	26	1	6	1	3	1	0	1
1010	26	1	6	2	4	1	0	1
1010	26	1	6	3	4	1	0	1
1010	26	1	6	4	5	1	0	1
1010	26	1	6	5	5	1	0	1
1011	20	1	10	0	3	1	0	1
1011	20	1	10	1	4	1	0	1
1011	20	1	10	2	5	1	0	1
1011	20	1	10	3	5	1	0	1
1011	20	1	10	4	5	1	0	1
1011	20	1	10	5	5	1	0	1
1012	35	0	6	0	3	1	0	1
1012	35	0	6	1	4	1	0	1
1012	35	0	6	2	5	1	0	1
1012	35	0	6	3	5	1	0	1
1012	35	0	6	4	5	1	0	1
1012	35	0	6	5	5	1	0	1
1101	35	0	0	0	2	1	1	0
1101	35	0	0	1	1	1	1	0
1101	35	0	0	2	2	1	1	0
1101	35	0	0	3	3	1	1	0
1101	35	0	0	4	4	1	1	0
1101	35	0	0	5	5	1	1	0
1102	40	1	8	0	0	1	1	0
1102	40	1	8	1	1	1	1	0
1102	40	1	8	2	2	1	1	0
1102	40	1	8	3	3	1	1	0
1102	40	1	8	4	4	1	1	0
1102	40	1	8	5	5	1	1	0
1103	18	0	8	0	0	1	1	0
1103	18	0	8	1	0	1	1	0
1103	18	0	8	2	0	1	1	0
1103	18	0	8	3	0	1	1	0
1103	18	0	8	4	0	1	1	0
1103	18	0	8	5	0	1	1	0
1104	22	1	6	0	0	0	0	1
1104	22	1	6	1	0	0	0	1
1104	22	1	6	2	1	0	0	1
1104	22	1	6	3	1	0	0	1
1104	22	1	6	4	2	0	0	1
1104	22	1	6	5	2	0	0	1
1105	30	1	6	0	0	0	0	1
1105	30	1	6	1	0	0	0	1
1105	30	1	6	2	0	0	0	1
1105	30	1	6	3	0	0	0	1
1105	30	1	6	4	0	0	0	1
1105	30	1	6	5	0	0	0	1
1106	21	1	10	0	0	0	0	1
1106	21	1	10	1	1	0	0	1
1106	21	1	10	2	1	0	0	1
1106	21	1	10	3	2	0	0	1
1106	21	1	10	4	2	0	0	1
1106	21	1	10	5	2	0	0	1
1107	25	0	8	0	0	0	1	0
1107	25	0	8	1	0	0	1	0
1107	25	0	8	2	0	0	1	0
1107	25	0	8	3	0	0	1	0
1107	25	0	8	4	0	0	1	0
1107	25	0	8	5	0	0	1	0
1108	35	0	6	0	0	0	1	0
1108	35	0	6	1	0	0	1	0
1108	35	0	6	2	1	0	1	0
1108	35	0	6	3	1	0	1	0
1108	35	0	6	4	1	0	1	0
1108	35	0	6	5	2	0	1	0
1109	20	1	6	0	0	1	0	1
1109	20	1	6	1	1	1	0	1
1109	20	1	6	2	2	1	0	1
1109	20	1	6	3	3	1	0	1
1109	20	1	6	4	4	1	0	1
1109	20	1	6	5	5	1	0	1
1110	28	0	6	0	3	1	0	1
1110	28	0	6	1	2	1	0	1
1110	28	0	6	2	3	1	0	1
1110	28	0	6	3	3	1	0	1
1110	28	0	6	4	4	1	0	1
1110	28	0	6	5	5	1	0	1
1111	42	1	6	0	0	1	1	0
1111	42	1	6	1	1	1	1	0
1111	42	1	6	2	2	1	1	0
1111	42	1	6	3	3	1	1	0
1111	42	1	6	4	4	1	1	0
1111	42	1	6	5	5	1	1	0
1112	18	0	9	0	2	1	0	1
1112	18	0	9	1	1	1	0	1
1112	18	0	9	2	3	1	0	1
1112	18	0	9	3	4	1	0	1
1112	18	0	9	4	5	1	0	1
1112	18	0	9	5	5	1	0	1
1601	25	1	5	0	0	1	1	0
1601	25	1	5	1	4	1	1	0
1601	25	1	5	2	5	1	1	0
1601	25	1	5	3	5	1	1	0
1601	25	1	5	4	5	1	1	0
1601	25	1	5	5	5	1	1	0
1602	25	1	8	0	2	1	1	0
1602	25	1	8	1	3	1	1	0
1602	25	1	8	2	4	1	1	0
1602	25	1	8	3	4	1	1	0
1602	25	1	8	4	5	1	1	0
1602	25	1	8	5	5	1	1	0
1603	39	0	6	0	0	1	1	0
1603	39	0	6	1	5	1	1	0
1603	39	0	6	2	5	1	1	0
1603	39	0	6	3	5	1	1	0
1603	39	0	6	4	5	1	1	0
1603	39	0	6	5	5	1	1	0
1604	20	1	10	0	0	0	0	1
1604	20	1	10	1	1	0	0	1
1604	20	1	10	2	2	0	0	1
1604	20	1	10	3	3	0	0	1
1604	20	1	10	4	4	0	0	1
1604	20	1	10	5	5	0	0	1
1605	22	1	6	0	0	0	0	1
1605	22	1	6	1	1	0	0	1
1605	22	1	6	2	2	0	0	1
1605	22	1	6	3	3	0	0	1
1605	22	1	6	4	4	0	0	1
1605	22	1	6	5	5	0	0	1
1606	28	1	6	0	0	0	0	1
1606	28	1	6	1	1	0	0	1
1606	28	1	6	2	2	0	0	1
1606	28	1	6	3	3	0	0	1
1606	28	1	6	4	4	0	0	1
1606	28	1	6	5	5	0	0	1
1607	27	1	0	0	0	0	1	0
1607	27	1	0	1	0	0	1	0
1607	27	1	0	2	1	0	1	0
1607	27	1	0	3	1	0	1	0
1607	27	1	0	4	1	0	1	0
1607	27	1	0	5	0	0	1	0
1608	26	1	2	0	0	0	1	0
1608	26	1	2	1	0	0	1	0
1608	26	1	2	2	0	0	1	0
1608	26	1	2	3	0	0	1	0
1608	26	1	2	4	0	0	1	0
1608	26	1	2	5	0	0	1	0
1609	43	1	6	0	0	0	1	0
1609	43	1	6	1	0	0	1	0
1609	43	1	6	2	0	0	1	0
1609	43	1	6	3	3	0	1	0
1609	43	1	6	4	4	0	1	0
1609	43	1	6	5	4	0	1	0
1610	24	0	6	0	0	1	0	1
1610	24	0	6	1	2	1	0	1
1610	24	0	6	2	2	1	0	1
1610	24	0	6	3	5	1	0	1
1610	24	0	6	4	5	1	0	1
1610	24	0	6	5	5	1	0	1
1611	18	1	9	0	0	1	0	1
1611	18	1	9	1	1	1	0	1
1611	18	1	9	2	2	1	0	1
1611	18	1	9	3	3	1	0	1
1611	18	1	9	4	4	1	0	1
1611	18	1	9	5	5	1	0	1
1612	58	1	8	0	4	1	0	1
1612	58	1	8	1	3	1	0	1
1612	58	1	8	2	5	1	0	1
1612	58	1	8	3	5	1	0	1
1612	58	1	8	4	5	1	0	1
1612	58	1	8	5	5	1	0	1
1701	18	1	11	0	5	1	1	0
1701	18	1	11	1	1	1	1	0
1701	18	1	11	2	2	1	1	0
1701	18	1	11	3	3	1	1	0
1701	18	1	11	4	4	1	1	0
1701	18	1	11	5	5	1	1	0
1702	31	0	0	0	5	1	1	0
1702	31	0	0	1	5	1	1	0
1702	31	0	0	2	5	1	1	0
1702	31	0	0	3	5	1	1	0
1702	31	0	0	4	5	1	1	0
1702	31	0	0	5	5	1	1	0
1703	29	0	0	0	2	1	1	0
1703	29	0	0	1	4	1	1	0
1703	29	0	0	2	4	1	1	0
1703	29	0	0	3	5	1	1	0
1703	29	0	0	4	5	1	1	0
1703	29	0	0	5	5	1	1	0
1704	24	1	6	0	0	0	0	1
1704	24	1	6	1	1	0	0	1
1704	24	1	6	2	1	0	0	1
1704	24	1	6	3	2	0	0	1
1704	24	1	6	4	3	0	0	1
1704	24	1	6	5	4	0	0	1
1706	28	0	6	0	0	0	0	1
1706	28	0	6	1	0	0	0	1
1706	28	0	6	2	1	0	0	1
1706	28	0	6	3	2	0	0	1
1706	28	0	6	4	4	0	0	1
1706	28	0	6	5	5	0	0	1
1707	21	0	6	0	0	0	1	0
1707	21	0	6	1	0	0	1	0
1707	21	0	6	2	2	0	1	0
1707	21	0	6	3	3	0	1	0
1707	21	0	6	4	4	0	1	0
1707	21	0	6	5	4	0	1	0
1708	29	1	6	0	0	0	1	0
1708	29	1	6	1	0	0	1	0
1708	29	1	6	2	0	0	1	0
1708	29	1	6	3	0	0	1	0
1708	29	1	6	4	0	0	1	0
1708	29	1	6	5	0	0	1	0
1709	24	1	10	0	4	0	1	0
1709	24	1	10	1	5	0	1	0
1709	24	1	10	2	5	0	1	0
1709	24	1	10	3	5	0	1	0
1709	24	1	10	4	5	0	1	0
1709	24	1	10	5	5	0	1	0
1710	30	0	10	0	0	1	0	1
1710	30	0	10	1	1	1	0	1
1710	30	0	10	2	2	1	0	1
1710	30	0	10	3	3	1	0	1
1710	30	0	10	4	4	1	0	1
1710	30	0	10	5	5	1	0	1
1711	18	1	8	0	0	1	0	1
1711	18	1	8	1	1	1	0	1
1711	18	1	8	2	2	1	0	1
1711	18	1	8	3	3	1	0	1
1711	18	1	8	4	4	1	0	1
1711	18	1	8	5	5	1	0	1
1712	19	1	2	0	0	1	0	1
1712	19	1	2	1	2	1	0	1
1712	19	1	2	2	2	1	0	1
1712	19	1	2	3	3	1	0	1
1712	19	1	2	4	4	1	0	1
1712	19	1	2	5	5	1	0	1
1801	30	1	6	0	4	1	1	0
1801	30	1	6	1	5	1	1	0
1801	30	1	6	2	4	1	1	0
1801	30	1	6	3	5	1	1	0
1801	30	1	6	4	5	1	1	0
1801	30	1	6	5	5	1	1	0
1802	25	0	5	0	2	1	1	0
1802	25	0	5	1	2	1	1	0
1802	25	0	5	2	2	1	1	0
1802	25	0	5	3	3	1	1	0
1802	25	0	5	4	4	1	1	0
1802	25	0	5	5	5	1	1	0
1803	29	1	3	0	5	1	1	0
1803	29	1	3	1	5	1	1	0
1803	29	1	3	2	5	1	1	0
1803	29	1	3	3	5	1	1	0
1803	29	1	3	4	5	1	1	0
1803	29	1	3	5	5	1	1	0
1804	26	1	6	0	0	0	0	1
1804	26	1	6	1	1	0	0	1
1804	26	1	6	2	2	0	0	1
1804	26	1	6	3	3	0	0	1
1804	26	1	6	4	4	0	0	1
1804	26	1	6	5	5	0	0	1
1805	18	1	8	0	0	0	0	1
1805	18	1	8	1	1	0	0	1
1805	18	1	8	2	2	0	0	1
1805	18	1	8	3	3	0	0	1
1805	18	1	8	4	4	0	0	1
1805	18	1	8	5	5	0	0	1
1806	34	1	6	0	0	0	0	1
1806	34	1	6	1	2	0	0	1
1806	34	1	6	2	2	0	0	1
1806	34	1	6	3	3	0	0	1
1806	34	1	6	4	4	0	0	1
1806	34	1	6	5	5	0	0	1
1807	25	1	4	0	0	0	1	0
1807	25	1	4	1	2	0	1	0
1807	25	1	4	2	4	0	1	0
1807	25	1	4	3	5	0	1	0
1807	25	1	4	4	5	0	1	0
1807	25	1	4	5	5	0	1	0
1808	55	1	6	0	0	0	1	0
1808	55	1	6	1	5	0	1	0
1808	55	1	6	2	5	0	1	0
1808	55	1	6	3	4	0	1	0
1808	55	1	6	4	5	0	1	0
1808	55	1	6	5	5	0	1	0
1809	22	1	6	0	0	0	1	0
1809	22	1	6	1	0	0	1	0
1809	22	1	6	2	0	0	1	0
1809	22	1	6	3	0	0	1	0
1809	22	1	6	4	0	0	1	0
1809	22	1	6	5	0	0	1	0
1810	20	0	1	0	0	1	0	1
1810	20	0	1	1	2	1	0	1
1810	20	0	1	2	4	1	0	1
1810	20	0	1	3	5	1	0	1
1810	20	0	1	4	5	1	0	1
1810	20	0	1	5	5	1	0	1
1811	20	1	6	0	4	1	0	1
1811	20	1	6	1	5	1	0	1
1811	20	1	6	2	5	1	0	1
1811	20	1	6	3	5	1	0	1
1811	20	1	6	4	5	1	0	1
1811	20	1	6	5	5	1	0	1
1812	25	1	6	0	5	1	0	1
1812	25	1	6	1	5	1	0	1
1812	25	1	6	2	5	1	0	1
1812	25	1	6	3	5	1	0	1
1812	25	1	6	4	5	1	0	1
1812	25	1	6	5	5	1	0	1
1901	18	0	7	0	0	1	1	0
1901	18	0	7	1	0	1	1	0
1901	18	0	7	2	0	1	1	0
1901	18	0	7	3	0	1	1	0
1901	18	0	7	4	0	1	1	0
1901	18	0	7	5	0	1	1	0
1902	31	0	4	0	0	1	1	0
1902	31	0	4	1	2	1	1	0
1902	31	0	4	2	2	1	1	0
1902	31	0	4	3	2	1	1	0
1902	31	0	4	4	4	1	1	0
1902	31	0	4	5	5	1	1	0
1903	33	0	6	0	1	1	1	0
1903	33	0	6	1	0	1	1	0
1903	33	0	6	2	4	1	1	0
1903	33	0	6	3	5	1	1	0
1903	33	0	6	4	5	1	1	0
1903	33	0	6	5	5	1	1	0
1904	32	1	10	0	0	0	0	1
1904	32	1	10	1	1	0	0	1
1904	32	1	10	2	2	0	0	1
1904	32	1	10	3	3	0	0	1
1904	32	1	10	4	4	0	0	1
1904	32	1	10	5	5	0	0	1
1905	18	1	10	0	0	0	0	1
1905	18	1	10	1	1	0	0	1
1905	18	1	10	2	1	0	0	1
1905	18	1	10	3	2	0	0	1
1905	18	1	10	4	2	0	0	1
1905	18	1	10	5	3	0	0	1
1906	18	1	5	0	0	0	0	1
1906	18	1	5	1	0	0	0	1
1906	18	1	5	2	2	0	0	1
1906	18	1	5	3	2	0	0	1
1906	18	1	5	4	2	0	0	1
1906	18	1	5	5	4	0	0	1
1907	22	0	9	0	1	0	1	0
1907	22	0	9	1	1	0	1	0
1907	22	0	9	2	1	0	1	0
1907	22	0	9	3	1	0	1	0
1907	22	0	9	4	1	0	1	0
1907	22	0	9	5	1	0	1	0
1908	19	1	12	0	0	0	1	0
1908	19	1	12	1	1	0	1	0
1908	19	1	12	2	1	0	1	0
1908	19	1	12	3	1	0	1	0
1908	19	1	12	4	2	0	1	0
1908	19	1	12	5	3	0	1	0
1909	34	0	10	0	0	0	1	0
1909	34	0	10	1	0	0	1	0
1909	34	0	10	2	0	0	1	0
1909	34	0	10	3	0	0	1	0
1909	34	0	10	4	0	0	1	0
1909	34	0	10	5	0	0	1	0
1910	28	1	6	0	1	1	0	1
1910	28	1	6	1	1	1	0	1
1910	28	1	6	2	1	1	0	1
1910	28	1	6	3	3	1	0	1
1910	28	1	6	4	4	1	0	1
1910	28	1	6	5	5	1	0	1
1911	55	1	4	0	0	1	0	1
1911	55	1	4	1	1	1	0	1
1911	55	1	4	2	2	1	0	1
1911	55	1	4	3	3	1	0	1
1911	55	1	4	4	4	1	0	1
1911	55	1	4	5	5	1	0	1
1912	21	1	5	0	0	1	0	1
1912	21	1	5	1	1	1	0	1
1912	21	1	5	2	2	1	0	1
1912	21	1	5	3	3	1	0	1
1912	21	1	5	4	4	1	0	1
1912	21	1	5	5	5	1	0	1
